5781
1091
5879
1122
949
1267
101
1428
891
450
1540
400
562
1248
698
337
1162
1094
1380
330
170
77
5898
5829
213
182
1163
5748
659
372
730
1473
326
5906
1088
544
959
1412
1015
5896
34
1308
249
961
1029
935
715
943
1561
1237
653
313
5933
300
857
5912
929
1056
1225
1738
1310
1272
1648
3750
391
1534
633
1668
1570
1223
1296
1297
567
593
876
576
1117
971
5771
1643
1544
758
1304
1057
1479
348
1510
1394
187
3749
741
5779
134
1651
1232
1187
668
2736
765
5754
5755
5751
1149
632
139
1341
1632
872
336
1436
1087
3741
251
247
1736
1035
1038
711
671
672
1136
1677
754
5910
631
930
991
1567
1448
1727
1320
10
231
518
178
52
1132
177
1468
958
945
1415
1547
5875
2743
161
72
216
3740
423
873
2752
1131
581
723
1644
1490
5894
5913
1614
1598
1493
1724
1572
1532
287
862
1292
214
53
846
51
1521
812
1274
1498
5838
617
1077
5804
1125
536
1141
850
1364
260
209
1270
683
905
1185
1467
1360
1695
1159
28
1580
1023
1
224
5927
886
5796
798
969
1409
268
245
1307
1410
339
756
7
5834
1462
19
137
1611
130
1260
817
853
1714
124
667
1680
982
155
1081
436
5792
2738
1408
5793
1351
212
257
908
778
1492
1090
5794
236
1575
602
25
186
684
1137
191
185
1522
1564
737
3
1689
5851
5845
1582
1026
5901
1324
795
1422
757
864
5917
99
385
1284
899
1286
5897
1347
1605
15
1650
301
1474
1120
1363
1387
123
1040
5872
5884
5824
5807
1491
322
5825
1546
222
5932
1269
865
1115
546
1143
1699
1716
1577
1612
1613
1557
1589
470
136
913
918
1251
1235
762
1160
1215
859
5788
71
1189
312
877
1485
720
791
774
1193
1001
678
5816
609
5738
776
559
365
1698
713
219
377
1739
261
5856
5767
1686
5750
1416
1194
5801
595
1328
203
442
1414
1075
938
204
1495
760
246
1054
1016
679
691
786
1261
611
5742
1124
217
1659
1354
540
1280
718
1217
223
120
871
5846
67
22
834
911
1078
785
739
5868
5880
925
1353
534
1271
625
270
262
783
405
690
421
1401

1514
206
619
532
724
1687
1212
1383
1377
924
360
2751
314
956
5819
998
1092
1291
252
68
181
1470
1548
1313
152
747
1096
589
1265
5768
1441
1398
689
447
561
302
103
848
39
771
138
944
663
1188
1164
102
1061
1417
1656
1638
1565
5821
1593
968
883
1082
5883
1133
1129
1101
727
1249
5820
750
164
1007
1329
571
58
555
1020
1424
1406
1536
822
5840
5740
1140
682
808
5803
1113
1290
5799
813
921
587
1737
1542
5863
542
8
1073
1670
398
1275
696
1423
308
1086
669
1024
1025
5773
717
93
543
5800
855
373
515
806
742
900
1437
5904
5908
1375
802
1182
1294
755
1130
1011
557
810
769
686
1517
3738
1607
782
151
1455
1587
208
933
1186
5882
1655
1106
1161
5903
1262
200
1385
5761
1006
1631
344
1588
613
5741
768
712
989
890
1553
5808
439
457
51
1521
812
1274
1585
5854
867
5744
1550
54
932
47
496
253
1722
605
1017
1391
74
59
1483
549
1700
796
946
685
1229
399
917
1298
1556
1569
205
743
1076
226
5753
1665
1501
1654
761
1637
2750
1191
1533
1664
1404
511
1451
207
5791
38
1031
1095
1471
866
1153
100
1457
1560
1236
700
1450
238
1447
5905
1273
677
5907
1719
572
844
793
794
227
927
5866
1148
1545
522
180
1388
1220
662
1228
701
2741
2740
150
552
2756
1574
5916
1201
140
144
243
1392
409
1285
5895
1419
845
5814
953
656
1440
892
1064
5874
1608
5891
676
346
1356
1558
1138
114
1506
999
60
148
1152
1069
1591
194
1551
5934
1060
1615
692
1183
954
1034
419
805
5842
4740
1690
96
695
1460
1300
1301
1595
986
1208
816
1168
1184
708
1576
1706
1604
898
651
1005
1176
1058
881
1245
1246
1231
5926
5890
5760
858
41
1046
1250
874
1400
1326
266
1121
1478
1480
1379
1018
51
1521
812
1274
1585
5854
867
5744
1550
54
932
47
496
253
1722
605
1017
1391
74
59
1483
549
1700
796
946
685
1229
399
917
1298
1556
1569
205
743
1076
226
5753
1665
1501
1654
761
1637
2750
1191
1533
1664
1404
511
1451
207
5791
38
1031
1095
1471
866
1153
100
1457
1560
1236
700
1450
238
1447
5905
1273
677
5907
1719
572
844
793
794
227
927
5866
1148
1545
522
180
1388
1220
662
1228
701
2741
2740
150
552
2756
1574
5916
1201
140
144
243
1392
409
1285
5895
1419
845
5814
953
656
1440
892
1064
5874
1608
5891
676
346
1356
1558
1138
114
1506
999
60
148
1152
1069
1591
194
1551
5934
1060
1615
692
1183
954
1034
419
805
5842
4740
1690
96
695
1460
1300
1301
1595
986
1208
816
1168
1184
708
1576
1706
1604
898
651
1005
1176
1058
881
1245
1246
1231
5926
5890
5760
858
41
1046
1250
874
1400
1326
266
1121
1478
1480
1379
1018
51
1521
812
1399
1277
789
92
1563
670
1337
1108
154
1647
545
390
610
1361
2747
1368
1145
1466
111
1340
1343
1114
5925
1672
601
604
521
1109
1658
5782
1207
1214
4
1454
995
1531
62
647
1070
1323
1172
915
87
1390
362
166
5928
551
597
5795
1683
825
1720
1459
1520
749
381
594
396
1497
5885
1703
108
1620
577
1666
46
1489
800
1530
537
1173
5822
272
1349
1445
965
984
1384
5837
1713
1316
563
3737
584
893
716
1494
5902
2759
870
127
79
751
1586
1583
1195
638
831
1084
1355
5911
830
198
5909
1259
942
797
1022
3742
218
199
389
1344
1443
5745
1452
5828
1100
411
1053
1247
1002
5852
1147
553
5931
673
674
1712
699
5776
211
1283
201
5770
664
105
1071
3747
766
76
371
1669
1731
901
902
722
387
147
1062
1063
526
5899
237
1339
1619
1342
906
1382
1098
116
5747
1072
1181
353
1198
1711
574
1505
5781
1091
5879
1122
949
1267
101
1428
891
450
1540
400
562
1248
698
337
1162
1192
1065
1635
5893
1255
240
525
5839
316
1431
707

1625
1099
5835
725
355
612
1573
179
1104
1653
627
5780
1350
65
6
379
1244
382
1559
5826
974
1083
380
621
1317
1434
642
55
1453
1527
819
529
444
733
1566
1008
655
1279
735
426
335
779
648
538
977
1203
1032
1579
5757
1357
1692
1045
1691
502
5864
1028
1725
598
86
1037
248
1590
569
710
856
5850
1705
1486
909
1123
5749
128
799
1338
1369
1393
119
1502
1552
907
202
833
1640
1395
383
1254
1238
1555
975
66
146
937
1688
1085
1048
1366
2744
1044
24
1202
1730
1190
9
1205
1321
1525
841
1331
49
288
1299
1206
516
990
1461
1446
5862
1119
1013
1676
1675
1429
174
446
1264
5817
215
1426
1126
1036
1116
988
948
56
5859
5858
1456
1156
851
1418
1629
1663
807
5923
1472
2745
2749
121
1257
1019
1303
1649
784
731
1146
1348
885
5869
1496
887
1524
714
1166
1370
1144
498
1362
1681
5881
1633
1049
4741
1458
397
5930
837
889
752
1578
3743
345
3745
568
1333
359
1200
643
1499
1508
293
860
533
1234
5929
5802
1199
5886
393
1477
13
321
1327
836
936
183
803
1142
11
947
1240
1211
5900
331
5918
61
378
1371
962
1210
738
1679
970
347
5758
1374
5865
5860
1039
746
658
1541
931
1704
955
823
704
3748
963
964
2758
1346
433
1636
3746
972
2760
361
1335
983
1549
996
1051
107
578
547
1258
36
928
5798
417
728
1674
113
976
97
726
1646
1312
1606
688
173
1594
854
57
45
241
681
1403
2755
306
824
705
1319
23
1033
835
1004
1055
1378
1295
560
1697
809
1000
1224
849
1504
324
1602
775
1622
904
3736
305
896
2748
590
5805
888
919
1584
781
490
811
126
332
1513
1621
608
1102
5769
914
842
225
939
1661
1603
1306
5765
1407
5889
910
628
5823
286
475
869
1253
1154
2753
1696
5836
5831
2754
709
1476
5815
1009
195
1600
1599
392
273
5830
520
623
847
1554
358
599
1318
1165
1652
1628
5873
176
110
1682
234
626
333
840
50
1624
5743
1196
5915
5861
5922
5878
940
570
1381
118
603
1601
1463
994
992
5877
135
29
1610
1439
1014
1268
878
69
163
175
70
5789
453
1175
5876
1693
5855
1287
530
5841
618
1330
582
579
1233
1592
1226
957
5752
1134
1509
801
1043
564
1571
585
1066
1067
616
573
1438
1336
83
1634
192
406
1507
5853
501
84
790
787
1432
1373
1097
5924
5888
5790
356
645
233
5914
1242
1645
926
1059
763
48
1309
979
1041
1139
978
437
507
1539
951
1241
558
376
1112
554
838
3739
966
2762
693
1079
438
1402
375
1717
1630
1325
1411
1568
1293
78
1256
912
5848
197
1027
2
804
622
694
1684
5920
221
654
5784
1444
1218
1515
21
1708
748
1266
1741
1535
350
1376
190
527
1204
125
1074
644
1012
394
5833
82
639
827
5812
340
341
73
828
1581
1484
1239
1715
814
467
657
5778
281
1538
106
258
5844
1435
159
687
5787
410
42
591
244
242
1372
165
1626
2739
364
1252
30
1734
1469
91
1052
349
357
1721
580
98
960
1302
1243
5739
895
1609
1093
1050
5783
703
1221
734
1519
1405
5919
14
1427
18
162
820
875
88
920
634
635
210
770
1396
1735
517
548
129
196
1667
1178
922
1516
2746
1155
832
1263
649
637
1421
987
706
1464
1281
5813
583
1733
923
759
773
37
1118
1352
1345
1111
1481
145
740
607
1482
1641
1617
1707
320
1597
1616
729
1678
788
5832
879
523
1128
1080
600
745
744
1358
1180
290
967
1180
1177
916
732
290
967
1311
1177
916
732
5772
1311
5772
753
5772
980
753
753
1003
980
1167
309
980
1003
1047
1167
1003
188
309
1167
524
309
1047
680
1047
488
1425
188
188
459
524
524
680
680
1107
488
1413
1425
736
459
229
488
1107
5871
1425
1413
459
736
229
1107
839
5871
1413
839
5887
33
736
5887
229
33
5871
839
1449
1449
171
171
5887
33
5818
5818
777
1449
777
5867
171
1359
5818
5867
1315
193
777
5867
1359
519
1315
193
661
5892
519
1359
1315
661
5892
780
780
767
767
193
764
1174
519
1157
764
1174
661
5892
1157
780
821
767
821
764
1174
5766
1157
5766
461
461
821
903
903
5766
1723
1723
461
792
792
1487
903
1487
2742
2742
1723
641
641
630
792
629
615
5774
1487
2742
630
1475
629
615
338
641
5774
630
606
629
615
1475
307
338
1213
5827
606
5774
307
1213
1475
5827
863
863
338
5806
5806
351
351
606
307
1288
1288
1213
1639
1639
702
5827
702
941
863
5806
351
897
1068
941
1230
1420
897
1068
1288
5763
1639
702
1642
1230
1227
1420
941
5763
897
1068
1642
1230
1420
5763
1227
5872
1642
5884
1227
5824
5807
1491
322
5825
1546
222
5932
1269
865
1115
546
1143
1699
1716
1577
1612
1613
1557
1589
470
136
913
918
1251
1235
762
1160
1215
859
5788
71
1189
312
877
1485
720
791
774
1193
1001
678
5816
609
5738
776
559
365
1698
713
219
377
1739
261
676
346
1356
1558
1138
114
1506
999
60
148
1152
1069
1591
194
1551
5934
1060
1615
692
1183
954
1034
419
805
5842
4740
1690
96
695
1460
1300
1301
1595
986
1208
816
1168
1184
708
1576
1706
1604
898
651
1005
1176
1058
881
1245
1246
1231
5926
5890
5760
858
41
1046
1250
874
1400
1326
266
1121
1478
1480
1379
1018
5856
5767
1686
5750
1416
1194
5801
595
1328
203
442
56
5859
5858
1456
1156
851
1418
1629
1663
807
5923
1472
2745
2749
121
1257
1019
1303
1649
784
731
1146
1348
885
5869
1496
887
1524
714
1166
843
75
